image,electron,muon,pion,kaon,proton
0,0.003654073106856432,0.00017285220599580172,0.7850030142168319,0.12162084778543736,0.08954921268487848
1,0.0028552512737540733,0.0003700686944211565,0.7575800383788298,0.11005425167336522,0.12914038997962987
2,0.009106530372299155,0.0010229761459259587,0.7552307627487356,0.11937616813112277,0.11526356260191652
3,0.003012378348982811,0.001237665361601294,0.6631499201232538,0.12978910051542789,0.20281093565073421
4,0.0026721958819886683,0.0006124294456207606,0.7808734913415477,0.1255808583127385,0.09026102501810432
5,0.005890871351257372,0.0004953184152316401,0.7774813535679264,0.11291690860514833,0.10321554806043606
6,0.0018552334086813082,0.0002232955973431811,0.7717910129619696,0.12507500168966806,0.10105545634233787
7,0.001792992947291331,0.0007998701775368482,0.7335534405036034,0.12003533743933253,0.14381835893223593
8,0.006600159034111604,0.000369882183308579,0.7865218540226266,0.1231111104008663,0.083396994359087
9,0.0038741923240387913,0.00045244157314122257,0.732977643271261,0.11199700378390219,0.15069871904765672
10,0.0054987898356763576,0.0012555200115390238,0.7683422641815446,0.12186543560977327,0.1030379903614666
11,0.0025922925377460096,0.0007679568736009765,0.7653813497830877,0.123939416553964,0.10731898425160134
12,0.002251418881917104,0.0003630733139734575,0.787392731813345,0.11696606421163244,0.0930267117791321
13,0.0014937338674128524,0.0007016222589683944,0.7426606156322761,0.12096622916179445,0.13417779907954816
14,0.004351334148369347,0.0006593781998586574,0.7710644918989024,0.14163689852956746,0.08228789722330207
15,0.005322947073781343,0.0013739831888803008,0.7590308440102026,0.12357971192624456,0.11069251380089123
16,0.002691794809219359,0.0006715582771405501,0.7967962110340658,0.11806373925122896,0.08177669662834515
17,0.0018103668213533442,0.0005020432424177354,0.7589493096553542,0.136341581073937,0.1023966992069377
18,0.0022948379358256636,0.00034223197818818553,0.7910993685120622,0.10406235424002269,0.10220120733390126
19,0.0023959136816625007,0.0006536543712764657,0.7640772159739947,0.12644599699745385,0.10642721897561243
20,0.0016858645895675406,0.0002750850985877062,0.7583638537488293,0.13818825485094396,0.10148694171207132
21,0.0030009289706492193,0.0006176811890333349,0.7512431748313998,0.11509465498166513,0.13004356002725254
22,0.002152823423816832,0.0006078138391486061,0.7402783074103133,0.11656725729311981,0.14039379803360144
23,0.0022319357914016313,0.0005126327632917094,0.6646002994756809,0.10529047100994332,0.22736466095968255
24,0.0024347391487693753,0.0005330302549594979,0.7635876454428769,0.12103304258292007,0.11241154257047418
25,0.007259213509252187,0.0006646993634011094,0.7397577634604223,0.13343857678599458,0.11887974688092996
26,0.0019451696066460126,0.0007343216975516441,0.7278981947969578,0.12466461572242131,0.14475769817642328
27,0.006033596564592338,0.0008736574121267522,0.7798965589133154,0.11075320261887063,0.1024429844910949
28,0.0020459261068763966,0.0006080034177905578,0.7854386536017672,0.12988106275968642,0.08202635411387933
29,0.0035189588232686967,0.0005416230017074278,0.7709841287381155,0.1128674937335656,0.11208779570334293
30,0.002421744707292175,0.0004727069200179126,0.6965484943100406,0.12544962523150038,0.1751074288311489
31,0.003218488328968151,0.0006239492882099512,0.7842161753259717,0.12448745813657137,0.08745392892027896
32,0.002131579496048763,0.00039423172086426107,0.794523244126837,0.13170795613286038,0.0712429885233895
33,0.0005213090733839795,0.000270576281303615,0.7246087307437269,0.11637562606398316,0.15822375783760229
34,0.004026428094348327,0.0020109671798462544,0.681036915767651,0.12962561575651155,0.18330007320164282
35,0.0017529080859393909,0.0005770124140060236,0.7676755955718308,0.11474653673629566,0.115247947191928
36,0.009755054876970998,0.0003035194395210639,0.7236677434575094,0.12384231412267198,0.14243136810332654
37,0.011356102933505426,0.0006870654315985365,0.7518789110020395,0.14165527703136163,0.0944226436014949
38,0.0016722553649794018,0.00043905307073371886,0.7549724072620182,0.12323264721052336,0.11968363709174543
39,0.007259213509252187,0.0006646993634011094,0.7397577634604223,0.13343857678599458,0.11887974688092996
40,0.002880292120686966,0.0006407374920267103,0.7972849071592857,0.11438498680703503,0.08480907642096557
41,0.004008509247461161,0.0005585225688767926,0.7767043075627448,0.12066691549005247,0.0980617451308647
42,0.0016722553649794018,0.00043905307073371886,0.7549724072620182,0.12323264721052336,0.11968363709174543
43,0.0012007374400406132,0.00037230874395866037,0.7462043096084322,0.1118156741151195,0.1404069700924492
44,0.0023855511367067814,0.00048307461485191786,0.7551176097572168,0.12832571141474608,0.11368805307647846
45,0.0015909050459054128,0.0014060415478270014,0.7498292092202766,0.12318071170283701,0.1239931324831541
46,0.0066070844494246165,0.0005007018670895374,0.6773161371914613,0.11826538561786112,0.1973106908741634
47,0.0018092688499586063,0.0009576831687614061,0.7954114848822829,0.11904086835740953,0.08278069474158768
48,0.0017529080859393909,0.0005770124140060236,0.7676755955718308,0.11474653673629566,0.115247947191928
49,0.013019916465767944,0.0016685210825678504,0.6625525876081275,0.2004603031030231,0.12229867174051372
50,0.0022693259705511945,0.0014024010021981353,0.7077006430790374,0.12556052734748108,0.16306710260073215
51,0.003407635819716615,0.00045185834552078367,0.8080966646084194,0.1093904612020791,0.07865338002426399
52,0.005653410621169727,0.0009376070672268563,0.7714863690902778,0.11816827941378436,0.1037543338075413
53,0.0021341178011604713,0.0005431461665713307,0.775497753522319,0.1131963832935917,0.10862859921635755
54,0.0026653124880288365,0.0006673409436809555,0.7960723659337563,0.12125799643963908,0.07933698419489478
55,0.002098283440378283,0.0003204241021150888,0.7442960049114856,0.13662293159884367,0.11666235594717729
56,0.0016447359214986728,0.0002860269172126194,0.7434619002893555,0.12141108362856516,0.133196253243368
57,0.0021379560824880644,0.0004352708694030785,0.6632525261844628,0.11665805805048735,0.21751618881315857
58,0.004567053591493452,0.0009457803842889218,0.7765947238966341,0.13451719346865762,0.08337524865892605
59,0.01573472733810235,0.0006339336633405683,0.7554840459673503,0.13794503381273687,0.09020225921846983
60,0.0013793543224045587,0.0032396747265155687,0.8093937849317329,0.10353844112213573,0.08244874489721138
61,0.0017529080859393909,0.0005770124140060236,0.7676755955718308,0.11474653673629566,0.115247947191928
62,0.002554034574084203,0.0007301203666388387,0.7932661464938224,0.11449057674740286,0.08895912181805189
63,0.004431580634662542,0.000633736634280392,0.6775276337712531,0.15008042517303102,0.16732662378677293
64,0.0022035907154440166,0.000269729552858531,0.7714513246455585,0.1203565542742177,0.10571880081192116
65,0.03822177939306642,0.0005749112262160719,0.7275687843811706,0.14210503708033637,0.09152948791921055
66,0.0030274818757235465,0.0007614234602175558,0.7712952177026615,0.12677890442615766,0.09813697253523977
67,0.0027904424672969903,0.0008361395296700928,0.7282055000812758,0.12513811247903484,0.14302980544272242
68,0.001636428970220921,0.000516949681228357,0.727365808266862,0.11240755023774969,0.15807326284393905
69,0.00766078697065276,0.001291584836944915,0.7738248418076346,0.10915398993589565,0.10806879644887207
70,0.0016141303359280767,0.0003657060997237481,0.730848742016112,0.1354228940952529,0.1317485274529832
71,0.001942536278658896,0.0006009891043099037,0.7419593230717154,0.12087498882229515,0.13462216272302074
72,0.0017750809844344884,0.0005229684370900692,0.7843771548663874,0.13067474752072997,0.08265004819135816
73,0.0021379560824880644,0.0004352708694030785,0.6632525261844628,0.11665805805048735,0.21751618881315857
74,0.001808979038200178,0.0001840005876931985,0.6755811746520501,0.11710206635434134,0.20532377936771512
75,0.001516787826752916,0.0005338787487379715,0.7377623937954538,0.12558355723233652,0.13460338239671876
76,0.004431580634662542,0.000633736634280392,0.6775276337712531,0.15008042517303102,0.16732662378677293
77,0.007625605371588413,0.0007533391910468263,0.7908876403636287,0.11860794922370776,0.08212546585002839
78,0.003033059871910024,0.004302457737818023,0.6659043447243485,0.13626725332731088,0.19049288433861267
79,0.0015280936316277663,0.0002779236299526284,0.7445713415785971,0.14221560165409758,0.11140703950572503
80,0.0021149641115272393,0.0023805572088180242,0.8008083298352489,0.12077834291693643,0.07391780592746941
81,0.0020784187110028237,0.00040445724230119456,0.7719364046383863,0.12318790666664284,0.10239281274166677
82,0.0017526053393133133,0.00021602613829409142,0.7584974444081551,0.13076484325686877,0.10876908085736882
83,0.0029107560676611926,0.0005926929676513461,0.784724797365664,0.1223656646181037,0.0894060889809196
84,0.0020114568913898573,0.002272407021491273,0.8023507161681218,0.10403052524029921,0.08933489467869765
85,0.003999480990650633,0.0008365372064719711,0.8039755630193293,0.11398019348310082,0.07720822530044735
86,0.004050715281286417,0.00036407622795692494,0.7292152627533086,0.11374333325258691,0.152626612484861
87,0.0028368490657559448,0.0007803894429955985,0.8103227207042836,0.11288433588417122,0.07317570490279375
88,0.0062003771910403415,0.0007992152544059783,0.7662317960347333,0.14211103096734493,0.0846575805524755
89,0.002593245306708779,0.0015756880935357859,0.7859351185476819,0.1342165816944803,0.07567936635759319
90,0.004565739144968311,0.0008875867723268484,0.7413402455343359,0.12158854937883055,0.13161787916953838
91,0.003220707094483533,0.0006139453612189891,0.7790083683506897,0.11691013062465724,0.10024684856895051
92,0.004614158351656786,0.0006406730799454784,0.7021597661991352,0.14116420926331746,0.15142119310594507
93,0.005355822966546508,0.0005193264908209537,0.8040094944866921,0.10531416553473508,0.08480119052120538
94,0.0027855799839551407,0.0008858073456464302,0.7443280784485664,0.12483751393941736,0.12716302028241466
95,0.0037289444007590276,0.0008415820569237094,0.7883609832414538,0.12974398931866188,0.07732450098220153
96,0.0021191290187706218,0.000715404873844414,0.7978446828586976,0.10892212266055568,0.09039866058813176
97,0.00298762779040952,0.001751579111815727,0.7599917506350656,0.1228003518430423,0.11246869061966686
98,0.0009343480005927783,0.00014719673943851255,0.7294205283414708,0.11096702464607663,0.1585309022724213
99,0.0029387604399613372,0.0007807492323316102,0.8047051099051816,0.11175394848677436,0.07982143193575084
100,0.0022224307337288893,0.00048113643509410024,0.7852034150921149,0.10496784836533643,0.10712516937372571
101,0.0018517969496183203,0.0003093889032558734,0.7256817465657049,0.16162145449710474,0.11053561308431613
102,0.003159332420330376,0.0007799331194408805,0.7819519346300217,0.11165050315987982,0.10245829667032735
103,0.0015493488511383264,0.0004878977250546534,0.7873554351169652,0.1264357761508771,0.08417154215596483
104,0.006434898984888101,0.0013117126140453762,0.7802925512609405,0.10938673937366682,0.10257409776645926
105,0.002058709918585792,0.0007719420110815975,0.7701742666096673,0.11527451054091038,0.11172057091975508
106,0.006646256548145407,0.0008956386876715663,0.7551231811189278,0.12745352955384676,0.1098813940914083
107,0.0014315912757387377,0.00018456080419654308,0.7779944790167593,0.12453375574987771,0.09585561315342755
108,0.005973340742305586,0.0009594781469950769,0.7731089866124281,0.11974282071051158,0.10021537378775977
109,0.0014198851289420036,0.00043553246763045186,0.7410035114337316,0.14173771755618556,0.11540335341351049
110,0.0027078837394815675,0.00045830965740518206,0.7397828836500475,0.12637359740012988,0.1306773255529359
111,0.0024343322929987546,0.000799270978139663,0.7251939306226403,0.11457557640367859,0.15699688970254264
112,0.005385743687451646,0.000676970394703492,0.7284604599501526,0.17854659248882213,0.08693023347887001
113,0.0026689516759817815,0.0006420732749771674,0.7824794859632255,0.12223083274521579,0.09197865634059965
114,0.001626597413673251,0.0002566079605959313,0.7405758120577344,0.14421770776289194,0.11332327480510461
115,0.0026255357310825036,0.0007871269138273744,0.7742381603457303,0.11976885961181227,0.10258031739754746
116,0.006823504058973148,0.00038519398384406035,0.7635880536038355,0.11546651902462071,0.11373672932872665
117,0.0014658032511063982,0.00046109508051508545,0.7679871230082849,0.11638695888694423,0.11369901977314949
118,0.010797452807015388,0.0014961697507033863,0.7833293804110107,0.13129010156141485,0.07308689546985546
119,0.002183651602101202,0.0009737180064679841,0.7834996174263015,0.12780875813603637,0.08553425482909288
120,0.008522009997281742,0.0008120868444051828,0.754804120245798,0.1219316477125209,0.11393013519999423
121,0.004735443811490159,0.0009543696291134365,0.8104337736804512,0.10213380091650076,0.08174261196244442
122,0.0022988979645941175,0.0008540379760222413,0.7498255336817066,0.13463226511666782,0.11238926526100917
123,0.0019889834804392927,0.000460507358824019,0.7660951156213182,0.11806412857352314,0.11339126496589542
124,0.0035151489984944577,0.000552281774392163,0.7815224202525278,0.1428173262184322,0.0715928227561533
125,0.0026367505813440746,0.0006370969388855217,0.765540252873432,0.12070423948654566,0.11048166011979285
126,0.006489170341769478,0.0006849807810428801,0.7420990449116845,0.12454355204665508,0.12618325191884802
127,0.0026080782048021516,0.0005232927321230165,0.6311584609280197,0.14014772081224436,0.2255624473228107
128,0.0030016219288048892,0.001097132424321979,0.7689300960287772,0.12040044401072399,0.10657070560737215
129,0.0069681766348892865,0.0005191007960415711,0.6677083350330032,0.16612317585678646,0.15868121167927954
130,0.004040554455918483,0.0004981315073420867,0.6888359939167367,0.11755917456244049,0.18906614555756224
131,0.0024028480597465818,0.0017217632860087456,0.7437659847874449,0.1318105811973248,0.12029882266947493
132,0.0011647933591234557,0.00021436774717324952,0.7588579323111825,0.1102161792417222,0.1295467273407988
133,0.0028237493455309627,0.00042007899399391116,0.7816818641523614,0.1319621098197615,0.08311219768835233
134,0.0022057258535588434,0.0009331560849827085,0.7602803589234065,0.11789803801383497,0.11868272112421696
135,0.017239919922712538,0.0007973315612482926,0.7459604197201111,0.1518636203966936,0.0841387083992346
136,0.0026904985070447585,0.0010912323108645359,0.7424554849203917,0.12278710586109998,0.13097567840059893
137,0.0025515740255618907,0.0008760787420821897,0.7502032547294847,0.13166466145298536,0.11470443104988576
138,0.0021016680810265606,0.00034200179954575044,0.7448563541649474,0.15147878446306423,0.10122119149141601
139,0.013019916465767944,0.0016685210825678504,0.6625525876081275,0.2004603031030231,0.12229867174051372
140,0.0017235158228040368,0.00040425553956305023,0.7531216168250616,0.1520701737895169,0.09268043802305426
141,0.0036851835955446035,0.0013289118570123867,0.7858993789000046,0.11008501152593074,0.09900151412150779
142,0.0034082670219262564,0.0010101832495228225,0.7355224549529227,0.1834075528463566,0.07665154192927165
143,0.0016241298947961078,0.00018389025230345434,0.7806281221018032,0.12090928693251003,0.09665457081858737
144,0.003868109622387684,0.0004318064937404969,0.7156700405820164,0.1348727446076296,0.14515729869422575
145,0.0014241399332572864,0.0001794489618158668,0.777301215001958,0.12307240258284831,0.09802279352012043
146,0.0027867117246517976,0.0005894215185546114,0.7854634419582364,0.1230675309016029,0.08809289389695436
147,0.0024260997674089096,0.0004081914092253552,0.7694955854877542,0.11656615980916431,0.11110396352644733
148,0.00603017254069537,0.000574937692262796,0.7390947818379501,0.12871995968280825,0.12558014824628347
149,0.013019916465767944,0.0016685210825678504,0.6625525876081275,0.2004603031030231,0.12229867174051372
150,0.005818402558952796,0.0009672870975225801,0.7632161831977786,0.12845120401071175,0.10154692313503409
151,0.0010191544116852289,0.0008918859387416018,0.772344992235374,0.12127869871398239,0.10446526870021683
152,0.0020826295543535955,0.001397788458340727,0.8022512723701019,0.105982093824771,0.08828621579243276
153,0.0021331487953871976,0.0006172487487979895,0.720436668320415,0.13662673302981834,0.14018620110558155
154,0.0017450622228083756,0.0005293491498646227,0.7671374961148256,0.11602732981135994,0.1145607627011415
155,0.002561581370935379,0.0006563563121980957,0.7795641077418309,0.12083948251238336,0.09637847206265236
156,0.0025786446118668013,0.0007989398107523955,0.7769928572182346,0.1169505913524231,0.10267896700672308
157,0.003240442348154517,0.0005232368957354333,0.7557043466115964,0.12084669527573594,0.1196852788687777
158,0.0026904985070447585,0.0010912323108645359,0.7424554849203917,0.12278710586109998,0.13097567840059893
159,0.0027175927223576173,0.0004218210840847547,0.7412417978397635,0.11659257508163702,0.139026213272157
160,0.13857505921232924,0.0008108452994199955,0.6749097655864874,0.11638518556101686,0.06931914434074646
161,0.0012514021765926992,0.00020765097428856772,0.7765092925659467,0.1336716339220823,0.08836002036108974
162,0.0019440403895677155,0.000450200686027606,0.7307158297760311,0.12153701563343694,0.14535291351493662
163,0.007264608701070054,0.00040823584278570387,0.7440206695692484,0.12172321182942689,0.12658327405746894
164,0.005860775244011471,0.000556621791108999,0.6896853124600623,0.14855112531565334,0.1553461651891639
165,0.0030537602893236093,0.0003479165885656132,0.7467099243368885,0.12039002598637437,0.12949837279884793
166,0.002017772838704426,0.0006053327465018486,0.7613060940776899,0.14523207159883722,0.09083872873826661
167,0.0021379560824880644,0.0004352708694030785,0.6632525261844628,0.11665805805048735,0.21751618881315857
168,0.002989105730283164,0.0005605904317770104,0.7880243046522837,0.12171518676244267,0.08671081242321345
169,0.0019635879931495393,0.0008063366779454405,0.7573413307405366,0.12259113928431231,0.11729760530405604
170,0.0018167633018278929,0.0004302055970879267,0.7665242134351256,0.10353954343954404,0.1276892742264145
171,0.0023363221838094443,0.0007185209804130688,0.7784037951740703,0.10267599047699157,0.11586537118471567
172,0.0019050769393405143,0.0006330289890043438,0.747791849986671,0.11836439803526506,0.13130564604971892
173,0.004924840048379466,0.0008323859496868473,0.7513689800812269,0.12717628810386752,0.11569750581683932
174,0.006838320020525305,0.0004781225579159137,0.740537664153014,0.12271980995591915,0.12942608331262567
175,0.0014347877164433607,0.00044870814718212416,0.7203615358949329,0.11432888377094436,0.16342608447049747
176,0.00214973589427275,0.0005942147852850468,0.677225788933973,0.12263854828614582,0.19739171210032339
177,0.0021215190192125258,0.0004737069302928513,0.7345585899390006,0.1341393339961436,0.12870685011535032
178,0.0022737648945831117,0.0004676639105202872,0.7463707527913109,0.12980047355691648,0.12108734484666908
179,0.0015182478275033054,0.0002865705444196788,0.7592377723000434,0.13516479487864053,0.10379261444939311
180,0.002251418881917104,0.0003630733139734575,0.787392731813345,0.11696606421163244,0.0930267117791321
181,0.0031801870398273707,0.00039119899205088896,0.743300011174159,0.11885433494035785,0.13427426785360497
182,0.008413405778518878,0.0002719132637650105,0.7918292876985721,0.11029735866464098,0.08918803459450313
183,0.0018134274394662273,0.0004431175675785958,0.7879482529658958,0.1264170985351571,0.08337810349190229
184,0.0035724169220757384,0.00041060995710606003,0.7394505779758422,0.12523797250337737,0.13132842264159852
185,0.006883448268941019,0.0010873128599212275,0.7743668025956618,0.13407800568509481,0.0835844305903812
186,0.0023476726047666195,0.0005496515373880452,0.7775721853036094,0.1274003681023183,0.0921301224519176
187,0.003866449440332541,0.0003999236339812474,0.7248712464826833,0.11885082665989921,0.15201155378310366
188,0.002893166860247093,0.0004405019441636744,0.7572528030201465,0.12460849262750902,0.11480503554793359
189,0.0019528426694244612,0.0009862686788010585,0.7274858976544301,0.13154635457471736,0.138028636422627
190,0.0018532139423995226,0.00047921400267769254,0.7283609502837498,0.09345986734195805,0.17584675442921485
191,0.010144287031449841,0.0005908558729781317,0.7578283837306551,0.15442175357206334,0.07701471979285375
192,0.004315699659325203,0.0009382723092618307,0.776648725955811,0.13518211155044835,0.08291519052515361
193,0.00046211857848517873,0.00014071073592269792,0.7575993332741535,0.11365857037490903,0.1281392670365296
194,0.0021191290187706218,0.000715404873844414,0.7978446828586976,0.10892212266055568,0.09039866058813176
195,0.005147455327357996,0.0006494253990532233,0.7537434046498556,0.14358222949492588,0.09687748512880733
196,0.0025920253675396233,0.0007458195730970967,0.8153363366381186,0.11264004397404545,0.06868577444719914
197,0.003585766995853647,0.0006771700326671992,0.759700232942529,0.14354176005546374,0.09249506997348654
198,0.007152882847541741,0.0006392395496140742,0.7656185738948671,0.11614518578232481,0.11044411792565229
199,0.0011430216042224123,0.0004965381365060403,0.7519341984495757,0.1262234716900213,0.12020277011967465
200,0.005759816036787497,0.0008852940995679308,0.7522469410575274,0.1265406829519871,0.11456726585413009
201,0.005523568902585626,0.001166367956804027,0.7123054738385249,0.11390131872813561,0.1671032705739497
202,0.0028552512737540733,0.0003700686944211565,0.7575800383788298,0.11005425167336522,0.12914038997962987
203,0.001818411943125954,0.0006016857184391914,0.7794371096622863,0.11703941669275646,0.10110337598339217
204,0.006230372793188501,0.00045064963857021777,0.711866300836374,0.1391661818859608,0.14228649484590644
205,0.0030608633460389553,0.0007215245974888462,0.7796237561630546,0.12287024010408212,0.09372361578933557
206,0.0015058957651483326,0.0003507988132644227,0.7046913775180843,0.11668637108333459,0.17676555682016837
207,0.0044820323491938235,0.0005350663859263349,0.7345400794276324,0.1557447100047085,0.10469811183253884
208,0.0026777452709751707,0.0005408057730290663,0.7247922740022572,0.14376150071694083,0.12822767423679768
209,0.0024153059852198063,0.00036723306543089113,0.7566470690984856,0.16558412335894734,0.07498626849191636
210,0.004044693884854016,0.0006470559639780964,0.7128124763731027,0.1295280350899208,0.15296773868814428
211,0.0022948379358256636,0.00034223197818818553,0.7910993685120622,0.10406235424002269,0.10220120733390126
212,0.002429793897358355,0.0003845284056340235,0.7838563820278273,0.11288668007164876,0.10044261559753173
213,0.0018854288855775646,0.0008846054992374304,0.7828952914906638,0.1300598443462192,0.08427482977830193
214,0.008059924242826531,0.0002808683714207544,0.7690980629726005,0.11519618719591396,0.10736495721723822
215,0.0029145397553676632,0.0006056368845430952,0.7733382858241192,0.1230947031611944,0.10004683437477563
216,0.006975240793975068,0.0008101431041476646,0.7880259921737277,0.10604393729735917,0.0981446866307903
217,0.0024413795408058537,0.000884809120703122,0.7560309510141872,0.11782471908275492,0.12281814124154893
218,0.002141269812339567,0.00019330055097991472,0.7613936814864625,0.14763464162776274,0.08863710652245521
219,0.0025072637782356574,0.0007730198390366271,0.7294415380402708,0.1335318141345097,0.13374636420794717
220,0.0017664748629549532,0.0005723930179764881,0.790685740468328,0.12421905743717879,0.08275633421356175
221,0.004564124685662808,0.00047490607233881005,0.7242669298360206,0.12819079578329456,0.14250324362268318
222,0.0048700441024098875,0.0011388069928664865,0.7851269685647183,0.10865888021101908,0.100205300128986
223,0.001122219748103105,0.00020950420407152585,0.7645448010144464,0.13350890619655903,0.10061456883681992
224,0.0063603276054166715,0.00073474357968126,0.7623581254789547,0.11860459571959432,0.1119422076163532
225,0.0038844526487213857,0.0008354434724375276,0.8067999330080535,0.11703597360781107,0.07144419726297642
226,0.0016486140256807666,0.0005316802903897476,0.76580886559623,0.12307748391744092,0.10893335617025864
227,0.002822323229194436,0.0006743993167976677,0.7298848370960314,0.14233281240437431,0.12428562795360222
228,0.007249006501552845,0.0006971055949130362,0.7718727648088304,0.1353422867697225,0.08483883632498132
229,0.0017334248393102679,0.0007926035601719576,0.7399944626174763,0.118172308699044,0.13930720028399762
230,0.002245731338643042,0.00025350533994834487,0.7600313760616493,0.1319919573967429,0.10547742986301632
231,0.008707066222718713,0.0005756621727969809,0.6660950458940069,0.1291622767563988,0.19545994895407873
232,0.00671577186964279,0.0004589059133471161,0.6751561736344818,0.14335618126002347,0.17431296732250487
233,0.010832627128573141,0.0009757959704362532,0.7260144736037752,0.11383756190811611,0.14833954138909924
234,0.009832912300776146,0.0008983870016533827,0.7572840459944034,0.1259433041068346,0.10604135059633257
235,0.0014382325300890514,0.0006309423718448852,0.7876359732081536,0.1137211836708982,0.09657366821901413
236,0.0020331220033575617,0.0001379703007742116,0.7723747790681552,0.11246751540928009,0.1129866132184329
237,0.0012702263291671499,0.0002645435084375239,0.7424512216126442,0.1292995627709194,0.12671444577883165
238,0.0029414702006757255,0.00020927067923612422,0.7549173992709036,0.10702833622290352,0.134903523626281
239,0.0035724169220757384,0.00041060995710606003,0.7394505779758422,0.12523797250337737,0.13132842264159852
240,0.005725227727273963,0.00016649725353400105,0.7471048873961094,0.11592514745880071,0.13107824016428188
241,0.00405733680613104,0.0005922969442978787,0.6914474520540366,0.11924309327265487,0.18465982092287966
242,0.0030530290524132865,0.0007323098615280168,0.7895182040415795,0.12439065900811015,0.08230579803636924
243,0.004140498333919544,0.00041822007732810834,0.7824635202762011,0.12813163409734504,0.08484612721520624
244,0.001974916258341012,0.0006419165807631123,0.7545963885970058,0.12503105131371106,0.11775572725017898
245,0.002543252446491873,0.0005688042868257995,0.7513867528658374,0.10890623430974157,0.13659495609110334
246,0.0028725540414186843,0.0006795263986095265,0.8006010994049458,0.11617388837439013,0.07967293178063582
247,0.00788454009857085,0.000445195827742873,0.7108948796902455,0.12081810104130364,0.1599572833421372
248,0.0017529080859393909,0.0005770124140060236,0.7676755955718308,0.11474653673629566,0.115247947191928
249,0.001818411943125954,0.0006016857184391914,0.7794371096622863,0.11703941669275646,0.10110337598339217
250,0.006312909243620213,0.0005522860210785203,0.755714802984411,0.12288474654751454,0.11453525520337587
251,0.0023492528368805688,0.0006718176351473787,0.7847595973392602,0.12986857307603467,0.08235075911267727
252,0.003091712417278998,0.0006803775254270716,0.7916660164855771,0.12209451160128616,0.08246738197043055
253,0.001734013578175172,0.0009567119768578645,0.7058447385535177,0.16231273019692577,0.12915180569452347
254,0.003844380096325772,0.0005288662453956322,0.6865853183299395,0.14607715479685238,0.16296428053148662
255,0.002386821147387611,0.00047156169035594337,0.7542623647478669,0.13148624731510977,0.11139300509927977
256,0.002394042320773251,0.000649629531521906,0.7729782593661917,0.1260148555253857,0.09796321325612758
257,0.003267344982038243,0.0006687546882268389,0.7499615020230401,0.12482360905664593,0.12127878925004891
258,0.0030274818757235465,0.0007614234602175558,0.7712952177026615,0.12677890442615766,0.09813697253523977
259,0.0016351412882867733,0.00032353394403942647,0.8240251561129012,0.09949863531054877,0.07451753334422381
260,0.0013692301586320976,0.0004401454446109956,0.7328027386338227,0.14537188568796772,0.12001600007496643
261,0.0036310256819288393,0.0007830046387873262,0.7178969324750636,0.1337921457948032,0.1438968914094171
262,0.0011653662847346292,0.00029154918257691924,0.7441112121800482,0.13346374835653546,0.12096812399610483
263,0.0036683935439825225,0.0005921358023737799,0.7115182990852417,0.1301591376924943,0.15406203387590778
264,0.007259213509252187,0.0006646993634011094,0.7397577634604223,0.13343857678599458,0.11887974688092996
265,0.0043954181389685406,0.0004316907798213343,0.6920537038924899,0.11779742092298384,0.1853217662657364
266,0.0025885907129575276,0.00034204492411344793,0.7311096006657709,0.10490653461162955,0.16105322908552858
267,0.013441034482073577,0.0006611887465230612,0.7711472012374458,0.1277907967897787,0.08695977874417873
268,0.00177463265364477,0.00046810369760742656,0.7528485495068812,0.12634228126714472,0.11856643287472186
269,0.0014708970921023658,0.0006200474173832239,0.7440827320448331,0.13359595474995287,0.12023036869572838
270,0.010189766089868761,0.00037495800578964475,0.7707292993819866,0.11968923857230788,0.09901673795004719
271,0.04466581888303017,0.0004614205242785625,0.7481384369858345,0.11266125974148045,0.09407306386537635
272,0.005130048920219253,0.0009226904150104889,0.7606432540360736,0.12636775783403467,0.10693624879466194
273,0.0014787100080474018,0.0005278807518775449,0.7718091726683054,0.12092088844537688,0.10526334812639289
274,0.0015019042035801138,0.0001991613466489347,0.7804283107782799,0.12463976264190221,0.09323086102958877
275,0.002389634335165977,0.0015323918096503165,0.7586848761047092,0.12991148103499234,0.10748161671548218
276,0.0012524953142873784,0.0004789317503576586,0.7603143711293873,0.11424945566402617,0.12370474614194135
277,0.002225112977466825,0.000540399239782183,0.6910477274116164,0.1413867679177273,0.16479999245340743
278,0.011998410625239674,0.0015865922520512715,0.7514654812214289,0.1384859299800216,0.09646358592125866
279,0.017187379869505474,0.0006276479131562122,0.7561474810046804,0.14555146136114497,0.08048602985151293
280,0.000996027425460528,0.000223028063644404,0.7644107866064561,0.12443734845876012,0.10993280944567899
281,0.0013877751293196986,0.0002101962633513551,0.7213882247303944,0.1045135536628813,0.17250025021405319
282,0.0010814920945563806,0.00017936551769927295,0.7731060599608676,0.1293545001710712,0.09627858225580561
283,0.0031629830736740867,0.00045007363625784697,0.7568662371531889,0.12528737208990973,0.11423333404696935
284,0.004910122354030043,0.0012745802636764338,0.7659907185503141,0.10705838283550385,0.12076619599647562
285,0.001811523962913749,0.00055390255143259,0.7480053419671199,0.12259093510821796,0.12703829641031572
286,0.002915379819634876,0.0003810445570642,0.7372235526183673,0.0943491543266439,0.16513086867828974
287,0.002433900277564071,0.0005606025777237956,0.6992951491409958,0.12381051012815639,0.17389983787555985
288,0.0022273459386925767,0.00032096446315190645,0.694901294708483,0.1353897693039603,0.16716062558571226
289,0.0010224360439659757,0.00028827719766098066,0.7574659357387707,0.12335604775501482,0.11786730326458751
290,0.005860775244011471,0.000556621791108999,0.6896853124600623,0.14855112531565334,0.1553461651891639
291,0.005286223756533839,0.0005845173570362379,0.7647489930824398,0.11476240445405082,0.11461786134993922
292,0.003935473938931534,0.0007557641336735085,0.654266596279874,0.18157874652980738,0.15946341911771358
293,0.019774511384072154,0.0002865736058435647,0.7198956735173893,0.15580323039802366,0.10424001109467146
294,0.0025710281265432875,0.0001940917963108046,0.7325135233541638,0.1088354990656794,0.1558858576573027
295,0.0021163412121629308,0.0007176879774307787,0.7019239197786376,0.1140250410896158,0.1812170099421529
296,0.005077717654674843,0.000978890431355461,0.7750251146387205,0.13487483568507705,0.08404344159017234
297,0.0015243950097782787,0.00041021513115025083,0.7436874811559715,0.14055052764965978,0.11382738105344023
298,0.0016599637910851618,0.0005831729470025403,0.7668721559685372,0.12297018410474972,0.10791452318862549
299,0.003133687893568415,0.000743429250382133,0.763160009477204,0.11686820580747223,0.11609466757137313
300,0.005286223756533839,0.0005845173570362379,0.7647489930824398,0.11476240445405082,0.11461786134993922
301,0.006543111284549246,0.00018604438580668205,0.7125551662366569,0.11465163222684552,0.16606404586614165
302,0.0019627096579133757,0.0007874637081185334,0.7951547195634407,0.12272776451363104,0.0793673425568961
303,0.001516787826752916,0.0005338787487379715,0.7377623937954538,0.12558355723233652,0.13460338239671876
304,0.003017512140205666,0.000705469503735854,0.7705685284068461,0.10619152997598441,0.11951695997322806
305,0.0023871827693409567,0.000955325860962064,0.7978620096811161,0.11878547812687654,0.08001000356170448
306,0.005976030660571819,0.0008957045231744491,0.7693865424881551,0.1269558689959699,0.09678585333212876
307,0.004755520366216127,0.0006291080396337726,0.781510586727073,0.13449540534996476,0.07860937951711236
308,0.002209819117888692,0.0006994229248254969,0.7999305717256869,0.11894375637549139,0.07821642985610743
309,0.0016195193782471988,0.0004303555062683325,0.7658963077694619,0.10724201366586911,0.12481180368015345
310,0.006489170341769478,0.0006849807810428801,0.7420990449116845,0.12454355204665508,0.12618325191884802
311,0.004023047113212193,0.0002789449151702375,0.7109636093972517,0.13774455142949057,0.1469898471448753
312,0.008581422047482946,0.0010219171385380623,0.7619952111632835,0.12206797729049536,0.1063334723602
313,0.0026724001892506613,0.0006350300733590524,0.7198375360413778,0.13888101753373752,0.137974016162275
314,0.017067668530190545,0.0005818905404059502,0.7716397097763665,0.13038274818798443,0.08032798296505259
315,0.011660361998820774,0.0005344823072745637,0.7638731754103909,0.12535201285308184,0.098579967430432
316,0.0022604273671310232,0.0009537899126983812,0.7512036825384598,0.12346848155682923,0.12211361862488149
317,0.0017438217678422629,0.0006805126133070095,0.7534725735141651,0.11460150661023928,0.12950158549444638
318,0.024589396074614047,0.0007959109830664571,0.726293469232396,0.14377887295859265,0.10454235075133095
319,0.0015623291830228275,0.00037537759324364353,0.7268229935581542,0.12471591929527515,0.14652338037030427
320,0.007916894971376702,0.0008770066763218341,0.7669127392236216,0.12269503343210005,0.10159832569657976
321,0.0036931632694128264,0.002334633682202547,0.7646888672586555,0.12477684815473604,0.10450648763499307
322,0.0037078539368219647,0.0007318910404932703,0.7877330566745416,0.1280204212536032,0.07980677709453986
323,0.005028024576697089,0.0004517712639426367,0.7322163479619034,0.15511472612038543,0.10718913007707138
324,0.004580339993521416,0.00040315137836402455,0.7297142509737221,0.12223183784514248,0.14307041980924995
325,0.0014708874422789955,0.0011592839836678432,0.7770729943013913,0.11286219583762044,0.10743463843504145
326,0.0015154021267377007,0.0005790311262294978,0.7525121263314953,0.1349697255397585,0.11042371487577919
327,0.0028552512737540733,0.0003700686944211565,0.7575800383788298,0.11005425167336522,0.12914038997962987
328,0.009503924307547776,0.0006839677238007164,0.7210333461377892,0.1746400550024127,0.09413870682844953
329,0.00361383686626655,0.0009484357491429821,0.7316081534010503,0.13483043105034215,0.12899914293319792
330,0.005130048920219253,0.0009226904150104889,0.7606432540360736,0.12636775783403467,0.10693624879466194
331,0.0026478421249689064,0.0005081209726845884,0.7594534087613513,0.11042547520980149,0.1269651529311938
332,0.002290630805314609,0.0002864304777027773,0.7915114027007715,0.09733613382271039,0.10857540219350086
333,0.001693152165000935,0.0001644585896284535,0.7568190486117993,0.1093112136844792,0.132012126949092
334,0.002753955164251879,0.0007608987286689829,0.7792794834131173,0.11910191371838029,0.09810374897558168
335,0.0026721958819886683,0.0006124294456207606,0.7808734913415477,0.1255808583127385,0.09026102501810432
336,0.0012540178931082504,0.0002624684357938529,0.7895325069226996,0.12002272957717126,0.08892827717122698
337,0.006318038821498021,0.0007035865253453997,0.7597322869659803,0.1194430164180821,0.1138030712690942
338,0.003935473938931534,0.0007557641336735085,0.654266596279874,0.18157874652980738,0.15946341911771358
339,0.0026053035789859766,0.0008137368403570673,0.7138137781549496,0.11217491710689437,0.1705922643188128
340,0.012105300918422896,0.0009319068616658827,0.8020552744777449,0.10985439160698574,0.07505312613518049
341,0.002348384805297057,0.0007291147787684499,0.7511573636046357,0.12408104806671137,0.12168408874458747
342,0.001688922360521743,0.00044411480991232504,0.7664618563889707,0.11753369449478959,0.11387141194580555
343,0.0041460173507708665,0.0032059078017265055,0.7698054066872693,0.11487737065976564,0.10796529750046786
344,0.0037876019923470767,0.0005107777001398798,0.781387383547634,0.1159382280631833,0.09837600869669554
345,0.0011502792940361604,0.00019840362518309918,0.7714543401809719,0.13832912000986067,0.08886785688994807
346,0.0023936302507504325,0.00044215353170413095,0.7503916343468178,0.12571311001951804,0.12105947185120948
347,0.003091712417278998,0.0006803775254270716,0.7916660164855771,0.12209451160128616,0.08246738197043055
348,0.001504842767527337,0.00025332061447797357,0.7411957976803083,0.1277741911283043,0.12927184780938222
349,0.0014347877164433607,0.00044870814718212416,0.7203615358949329,0.11432888377094436,0.16342608447049747
350,0.012397665919781151,0.0018539586898513058,0.7040102710650445,0.1841210038742626,0.09761710045106031
351,0.002139728323832007,0.0007385500396965857,0.746082102029075,0.12610278001267972,0.12493683959471673
352,0.0014761857038878775,0.0003727810710942513,0.7720828548591878,0.11718570836536985,0.10888247000046027
353,0.00758080656918228,0.0005746935468746759,0.775381273491536,0.1343758537077303,0.08208737268467695
354,0.001919922274832217,0.0004913985312118577,0.6787651880549065,0.12195953306885919,0.19686395807019008
355,0.0014443940038317558,0.0006240972385874663,0.7844383798955555,0.11658806542101452,0.09690506344101074
356,0.004201451480227789,0.0007012596771569064,0.7443994282608081,0.12241758617376897,0.12828027440803824
357,0.003511807676181411,0.00030018224458695325,0.7338998316930787,0.10907166449399675,0.15321651389215618
358,0.003804460102523975,0.002444558571411827,0.7442242550275905,0.12887235697764515,0.12065436932082861
359,0.0016286167926762344,0.00034496024080749754,0.751597834997795,0.1368389571334291,0.10958963083529222
360,0.0009783495536104742,0.00036345171969199354,0.7433986419138096,0.14494944696173967,0.11031010985114817
361,0.002248158476019397,0.0005985558210038957,0.694294725647882,0.14624108642015046,0.15661747363494433
362,0.0011055604219540169,0.0005102164282727866,0.7268553666579987,0.15955539303530475,0.11197346345646975
363,0.004200344454276023,0.0008857495697245808,0.7645264789378968,0.12446394381785059,0.10592348322025193
364,0.002045380332736384,0.00286718353246502,0.7651143892718326,0.11604327185643414,0.11392977500653187
365,0.002635463925450143,0.0004115255446841535,0.7893727747384122,0.11443550996739932,0.09314472582405409
366,0.0027540728833635054,0.0008899301138831454,0.7920207965420087,0.11806433627030802,0.08627086419043646
367,0.0014937338674128524,0.0007016222589683944,0.7426606156322761,0.12096622916179445,0.13417779907954816
368,0.0022961522035055445,0.000553852931032298,0.688621553258552,0.1356306194063797,0.17289782220053043
369,0.008711899205102437,0.0015302053762370348,0.7490275898359808,0.12376541052377675,0.11696489505890294
370,0.004697613822395114,0.0007255318583505823,0.7330512164969075,0.13906013043624335,0.12246550738610346
371,0.002822323229194436,0.0006743993167976677,0.7298848370960314,0.14233281240437431,0.12428562795360222
372,0.007313783258630171,0.0013843504059244875,0.7492514908820928,0.14177893748737916,0.10027143796597345
373,0.003470409007838553,0.005564357576204048,0.6755414785548193,0.16461286989322638,0.15081088496791165
374,0.007185308552671772,0.0007001313943515475,0.7483720577847605,0.11955779315565906,0.12418470911255702
375,0.0012140529835549686,0.00017852857471133528,0.7358786538641227,0.1432297629435172,0.11949900163409383
376,0.0021191290187706218,0.000715404873844414,0.7978446828586976,0.10892212266055568,0.09039866058813176
377,0.004109206512241147,0.000742924704633944,0.7874834753674188,0.13300470475763293,0.07465968865807307
